   1.0000000e-01   5.0000000e-01   5.0000000e-01
   2.0000000e-01   7.5000000e-01   7.5000000e-01
   3.0000000e-01   8.7500000e-01   8.7500000e-01
   4.0000000e-01   9.3750000e-01   9.3750000e-01
   5.0000000e-01   9.6875000e-01   9.6875000e-01
   6.0000000e-01   9.8437500e-01   9.8437500e-01
   7.0000000e-01   9.9218750e-01   9.9218750e-01
   8.0000000e-01   9.9609375e-01   9.9609375e-01
   9.0000000e-01   9.9804688e-01   9.9804688e-01
   1.0000000e+00   9.9902344e-01   9.9902344e-01
   1.1000000e+00   9.9951172e-01   9.9951172e-01
   1.2000000e+00   9.9975586e-01   9.9975586e-01
   1.3000000e+00   9.9987793e-01   9.9987793e-01
   1.4000000e+00   9.9993896e-01   9.9993896e-01
   1.5000000e+00   9.9996948e-01   9.9996948e-01
   1.6000000e+00   9.9998474e-01   9.9998474e-01
   1.7000000e+00   9.9999237e-01   9.9999237e-01
   1.8000000e+00   9.9999619e-01   9.9999619e-01
   1.9000000e+00   9.9999809e-01   9.9999809e-01
   2.0000000e+00   9.9999905e-01   9.9999905e-01
